1234	4	139	1	13,4
1235	2	30	3	14,0
1236	2	30	3	11,7
1237	2	30	2	13,1
1238	2	30	2	16,9
1239	4	139	3	12,3
1240	6	79	3	14,2
1241	2	30	1	15,1
1242	4	139	3	17,4
1243	5	34	3	16,4
1244	1	10	3	13,0
1245	5	34	3	15,5
1246	1	10	1	19,2
1247	2	30	1	16,1
1248	4	139	3	11,9
1249	1	10	1	12,6
1250	1	10	1	13,6
1251	2	30	2	17,2
1252	3	125	2	13,7
1253	6	79	2	15,2
1254	1	10	1	16,5
1255	1	10	3	16,5
1256	2	30	3	17,6
1257	4	139	2	18,6
1258	3	125	1	14,7
1259	5	34	1	13,7
1260	4	139	2	14,3
1261	5	34	2	11,1
1262	2	30	3	11,4
1263	3	125	2	15,3
1264	3	125	2	16,8
1265	4	139	2	11,4
1266	5	34	1	17,0
1267	3	125	1	17,4
1268	2	30	3	12,3
1269	5	34	2	18,0
1270	4	139	1	15,6
1271	3	125	3	15,7
1272	4	139	3	14,1
1273	4	139	2	18,0
1274	2	30	1	17,7
1275	5	34	1	14,0
1276	4	139	3	17,7
1277	5	34	3	18,1
1278	6	79	2	19,7
1279	1	10	1	11,2
1280	6	79	1	11,0
1281	5	34	3	11,4
1282	1	10	1	18,6
1283	5	34	2	18,5
1284	4	139	2	14,5
1285	4	139	2	19,0
1286	6	79	2	18,3
1287	4	139	3	17,4
1288	2	30	1	16,8
1289	3	125	2	18,8
1290	5	34	1	12,0
1291	4	139	1	19,8
1292	5	34	1	13,1
1293	3	125	3	18,8
1294	2	30	3	16,3
1295	5	34	3	16,0
1296	3	125	3	15,4
1297	1	10	3	12,5
1298	5	34	3	13,6
1299	4	139	2	16,0
1300	1	10	1	11,4
1301	1	10	1	17,9
1302	2	30	2	17,6
1303	1	10	1	19,8
1304	1	10	3	13,3
1305	1	10	2	11,8
1306	3	125	2	14,4
1307	1	10	1	11,9
1308	3	125	3	12,6
1309	2	30	3	16,5
1310	5	34	1	19,6
1311	6	79	1	17,4
1312	5	34	1	14,6
1313	1	10	2	11,6
1314	1	10	2	16,6
1315	5	34	2	15,4
1316	6	79	1	12,1
1317	5	34	2	11,9
1318	3	125	2	17,5
1319	4	139	3	15,4
1320	3	125	2	16,8
1321	1	10	3	12,6
1322	3	125	3	13,9
1323	2	30	1	15,0
1324	6	79	2	17,6
1325	4	139	1	17,0
1326	1	10	1	17,0
1327	2	30	3	12,3
1328	3	125	1	16,2
1329	3	125	2	15,6
1330	6	79	2	13,9
1331	4	139	3	17,5
1332	6	79	3	11,7
1333	1	10	3	20,0
1334	3	125	2	12,5
1335	2	30	3	11,0
1336	3	125	2	20,0
1337	1	10	3	18,2
1338	6	79	1	19,7
1339	3	125	3	12,0
1340	6	79	3	15,0
1341	5	34	1	16,9
1342	4	139	3	12,4
1343	6	79	2	14,1
1344	2	30	2	12,8
1345	4	139	1	13,1
1346	2	30	3	19,2
1347	6	79	2	19,4
1348	4	139	3	18,3
1349	5	34	3	17,3
1350	5	34	1	15,9
1351	5	34	3	17,7
1352	2	30	1	13,5
1353	1	10	3	12,9
1354	2	30	2	19,9
1355	4	139	3	17,4
1356	2	30	2	15,7
1357	3	125	3	13,5
1358	4	139	2	13,4
1359	6	79	1	12,3
1360	2	30	2	14,4
1361	4	139	2	19,2
1362	3	125	1	17,5
1363	1	10	1	14,1
1364	4	139	3	13,8
1365	1	10	3	18,5
1366	6	79	2	13,0
1367	4	139	2	16,2
1368	6	79	3	12,4
1369	1	10	3	18,1
1370	4	139	1	12,2
1371	6	79	2	17,6
1372	5	34	3	13,7
1373	6	79	2	18,3
1374	3	125	3	15,4
1375	3	125	2	17,7
1376	4	139	2	19,7
1377	6	79	1	14,8
1378	4	139	3	18,3
1379	6	79	3	12,2
1380	6	79	1	13,6
1381	4	139	3	19,0
1382	3	125	2	19,5
1383	2	30	3	14,1
1384	6	79	3	18,5
1385	4	139	3	13,9
1386	4	139	2	15,4
1387	2	30	2	16,0
1388	2	30	2	18,9
1389	3	125	1	14,5
1390	5	34	1	19,9
1391	5	34	3	13,6
1392	5	34	2	20,0
1393	4	139	1	11,7
1394	6	79	3	19,0
1395	1	10	3	17,7
1396	6	79	3	12,9
1397	6	79	1	15,8
1398	3	125	3	17,2
1399	3	125	2	14,9
1400	3	125	1	16,8
1401	2	30	2	19,0
1402	3	125	2	16,2
1403	4	139	3	11,7
1404	2	30	2	12,2
1405	5	34	1	18,2
1406	5	34	2	12,7
1407	5	34	3	14,5
1408	5	34	1	17,9
1409	6	79	1	20,0
1410	4	139	3	17,5
1411	3	125	2	12,4
1412	1	10	3	11,4
1413	6	79	1	16,9
1414	6	79	2	15,2
1415	2	30	1	15,8
1416	1	10	1	12,9
1417	3	125	1	16,4
1418	3	125	1	13,6
1419	3	125	1	11,9
1420	4	139	3	12,5
1421	3	125	2	11,7
1422	3	125	2	18,5
1423	5	34	2	15,6
1424	6	79	2	13,9
1425	6	79	2	16,1
1426	2	30	1	15,9
1427	2	30	2	18,5
1428	2	30	2	13,5
1429	2	30	1	14,9
1430	5	34	3	15,8
1431	5	34	1	16,0
1432	1	10	1	18,2
1433	5	34	1	11,5
1434	4	139	2	14,1
1435	2	30	2	17,7
1436	5	34	2	18,8
1437	4	139	2	17,7
1438	6	79	1	12,6
1439	2	30	1	12,2
1440	5	34	2	19,3
1441	1	10	3	14,5
1442	2	30	1	12,8
1443	4	139	1	16,4
1444	2	30	2	15,5
1445	2	30	2	15,1
1446	5	34	3	17,7
1447	3	125	2	12,6
1448	2	30	3	16,1
1449	1	10	3	17,7
1450	1	10	1	11,6
1451	5	34	1	17,0
1452	6	79	1	14,5
1453	2	30	3	16,1
1454	3	125	1	13,2
1455	2	30	2	14,5
1456	2	30	2	11,1
1457	6	79	3	16,6
1458	5	34	1	16,6
1459	4	139	2	11,1
1460	5	34	2	19,6
1461	4	139	3	15,1
1462	4	139	2	17,8
1463	4	139	2	13,1
1464	2	30	2	18,3
1465	4	139	3	12,6
1466	3	125	1	19,7
1467	3	125	3	13,3
1468	6	79	3	18,1
1469	2	30	1	14,8
1470	5	34	1	13,9
1471	3	125	3	16,1
1472	1	10	3	19,5
1473	5	34	3	16,1
1474	4	139	1	13,7
1475	5	34	2	13,9
1476	6	79	1	13,4
1477	2	30	3	19,2
1478	1	10	3	16,7
1479	4	139	2	16,2
1480	1	10	1	17,5
1481	2	30	3	15,3
1482	4	139	3	11,8
1483	1	10	3	13,1
1484	2	30	2	16,4
1485	2	30	3	13,2
1486	3	125	3	12,1
1487	3	125	1	17,3
1488	1	10	1	16,0
1489	6	79	2	15,2
1490	2	30	1	14,4
1491	2	30	2	18,3
1492	5	34	3	15,8
1493	5	34	2	12,0
1494	3	125	3	17,6
1495	2	30	2	19,9
1496	5	34	2	18,9
1497	4	139	1	17,7
1498	5	34	3	13,9
1499	1	10	2	16,4
1500	4	139	3	18,0
1501	6	79	1	16,5
1502	5	34	2	12,2
1503	6	79	3	19,9
1504	6	79	2	11,1
1505	1	10	2	11,2
1506	2	30	1	11,3
1507	2	30	3	15,1
1508	1	10	1	16,8
1509	2	30	2	19,4
1510	5	34	3	16,2
1511	2	30	2	19,3
1512	6	79	3	12,9
1513	4	139	2	18,8
1514	6	79	2	11,5
1515	1	10	3	13,9
1516	1	10	3	15,5
1517	2	30	1	19,9
1518	5	34	1	19,8
1519	6	79	1	19,4
1520	2	30	3	12,8
1521	1	10	2	19,4
1522	2	30	2	17,3
1523	6	79	2	17,4
1524	6	79	2	13,4
1525	6	79	2	19,3
1526	3	125	2	11,7
1527	2	30	2	13,9
1528	6	79	1	11,9
1529	2	30	1	13,4
1530	3	125	1	12,5
1531	5	34	2	17,3
1532	6	79	3	16,5
1533	5	34	3	14,4
1534	2	30	3	16,4
1535	3	125	2	15,2
1536	4	139	3	11,6
1537	5	34	3	11,4
1538	1	10	1	16,4
1539	1	10	3	17,1
1540	2	30	2	17,9
1541	5	34	1	17,4
1542	1	10	2	15,0
1543	5	34	3	12,8
1544	4	139	3	13,6
1545	6	79	2	17,4
1546	6	79	1	13,6
1547	6	79	3	19,7
1548	5	34	3	11,3
1549	5	34	2	20,0
1550	3	125	2	12,0
1551	5	34	2	15,9
1552	4	139	2	15,3
1553	4	139	2	19,8
1554	1	10	3	19,8
1555	3	125	2	13,0
1556	6	79	1	13,3
1557	3	125	1	12,3
1558	5	34	1	13,5
1559	3	125	2	12,6
1560	2	30	2	12,8
1561	6	79	1	16,6
1562	6	79	3	18,9
1563	2	30	2	16,6
1564	5	34	1	15,8
1565	1	10	2	12,4
1566	2	30	3	11,9
1567	2	30	1	16,1
1568	4	139	3	14,5
1569	4	139	2	19,6
1570	4	139	3	16,9
1571	4	139	2	13,4
1572	3	125	3	14,5
1573	1	10	1	16,0
1574	3	125	1	17,2
1575	6	79	1	11,8
1576	6	79	3	15,8
1577	1	10	1	12,5
1578	1	10	3	15,6
1579	3	125	1	13,0
1580	6	79	1	18,7
1581	2	30	3	19,2
1582	3	125	2	17,1
1583	1	10	2	13,9
1584	3	125	3	12,9
1585	4	139	1	11,3
1586	3	125	1	15,2
1587	4	139	3	16,2
1588	6	79	1	17,2
1589	3	125	1	13,4
1590	5	34	2	12,5
1591	6	79	2	14,0
1592	1	10	1	14,6
1593	6	79	1	14,5
1594	1	10	3	13,6
1595	4	139	3	11,5
1596	1	10	3	15,0
1597	2	30	2	17,3
1598	2	30	1	16,0
1599	3	125	1	13,0
1600	2	30	2	11,2
1601	6	79	3	17,8
1602	4	139	1	18,8
1603	5	34	2	11,1
1604	3	125	1	12,7
1605	6	79	1	16,1
1606	6	79	1	13,8
1607	2	30	3	16,5
1608	1	10	1	14,3
1609	1	10	2	11,6
1610	5	34	2	14,7
1611	3	125	1	13,3
1612	2	30	3	13,2
1613	4	139	3	17,2
1614	4	139	2	17,2
1615	4	139	2	13,8
1616	4	139	2	17,6
1617	5	34	3	18,1
1618	2	30	1	20,0
1619	3	125	1	17,8
1620	2	30	1	15,0
1621	5	34	1	18,8
1622	3	125	3	17,9
1623	5	34	2	15,1
1624	5	34	2	14,9
1625	6	79	2	18,3
1626	6	79	2	16,4
1627	2	30	2	15,3
1628	2	30	3	18,0
1629	4	139	3	18,9
1630	4	139	1	16,7
1631	2	30	3	15,6
1632	5	34	3	13,7
1633	6	79	3	12,5
1634	3	125	2	13,5
1635	2	30	2	19,0
1636	4	139	1	16,3
1637	6	79	1	12,3
1638	1	10	2	19,6
1639	5	34	2	19,2
1640	1	10	1	16,2
1641	5	34	3	12,3
1642	1	10	2	12,5
1643	4	139	1	18,5
1644	4	139	1	18,1
1645	3	125	1	15,2
1646	6	79	1	19,2
1647	4	139	2	16,1
1648	3	125	3	13,6
1649	2	30	2	11,7
1650	3	125	2	11,1
1651	3	125	1	15,4
1652	3	125	2	14,7
1653	1	10	1	13,7
1654	5	34	3	13,7
1655	4	139	3	17,7
1656	1	10	3	11,1
1657	4	139	3	17,8
1658	3	125	3	19,8
1659	1	10	1	12,4
1660	2	30	2	14,9
1661	2	30	1	14,6
1662	1	10	1	12,5
1663	5	34	1	13,1
1664	6	79	3	19,7
1665	1	10	1	17,4
1666	5	34	2	14,2
1667	6	79	3	12,9
1668	2	30	3	19,1
1669	6	79	1	17,0
1670	3	125	2	17,0
1671	2	30	1	15,6
1672	4	139	1	17,8
1673	3	125	1	17,5
1674	5	34	3	13,1
1675	6	79	3	18,9
1676	3	125	1	11,9
1677	4	139	1	19,1
1678	3	125	1	17,3
1679	4	139	2	12,1
1680	1	10	2	17,8
1681	4	139	1	13,1
1682	4	139	1	16,8
1683	3	125	3	16,2
1684	5	34	3	16,0
1685	2	30	3	14,0
1686	2	30	1	15,1
1687	3	125	3	18,3
1688	3	125	3	13,9
1689	2	30	1	17,4
1690	3	125	1	12,9
1691	6	79	1	14,0
1692	5	34	2	15,9
1693	1	10	2	15,8
1694	4	139	2	16,7
1695	2	30	1	18,9
1696	4	139	2	17,0
1697	6	79	1	15,1
1698	2	30	3	12,9
1699	1	10	1	18,4
1700	5	34	3	17,8
1701	3	125	2	19,6
1702	2	30	3	13,1
1703	6	79	3	16,8
1704	5	34	2	13,7
1705	5	34	2	15,9
1706	2	30	2	18,8
1707	1	10	3	14,7
1708	6	79	2	18,8
1709	2	30	1	19,0
1710	5	34	2	15,4
1711	3	125	2	19,3
1712	4	139	1	18,9
1713	5	34	1	19,7
1714	5	34	2	13,9
1715	6	79	3	11,3
1716	5	34	3	13,2
1717	3	125	1	13,7
1718	3	125	3	19,6
1719	4	139	3	19,4
1720	6	79	3	14,4
1721	1	10	2	11,7
1722	5	34	1	15,7
1723	2	30	1	11,1
1724	5	34	1	15,3
1725	5	34	2	12,3
1726	5	34	3	11,6
1727	1	10	2	16,0
1728	4	139	1	16,5
1729	4	139	3	16,2
1730	2	30	1	15,9
1731	4	139	1	12,7
1732	6	79	1	17,7
1733	3	125	2	11,4
1734	1	10	1	12,7
1735	4	139	1	14,8
1736	4	139	3	14,6
1737	6	79	1	11,9
1738	3	125	3	16,7
1739	4	139	2	16,6
1740	5	34	2	18,9
1741	6	79	2	16,5
1742	4	139	1	14,6
1743	5	34	3	19,4
1744	2	30	1	16,6
1745	5	34	2	15,4
1746	5	34	1	14,1
1747	4	139	3	13,6
1748	6	79	2	19,7
1749	1	10	2	14,2
1750	1	10	3	15,6
1751	3	125	3	11,7
1752	1	10	1	16,2
1753	4	139	1	11,6
1754	3	125	3	11,2
1755	3	125	2	12,2
1756	4	139	2	13,1
1757	2	30	2	18,3
1758	1	10	1	16,1
1759	3	125	1	18,7
1760	5	34	3	18,9
1761	2	30	2	14,4
1762	4	139	3	15,9
1763	4	139	3	17,6
1764	6	79	1	18,8
1765	3	125	2	17,9
1766	6	79	3	14,3
1767	4	139	3	19,7
1768	6	79	3	12,4
1769	5	34	2	19,6
1770	5	34	3	18,3
1771	6	79	1	11,9
1772	5	34	3	18,3
1773	1	10	2	15,9
1774	5	34	3	14,2
1775	3	125	1	14,9
1776	4	139	1	13,6
1777	4	139	3	14,6
1778	1	10	2	18,1
1779	5	34	3	15,3
1780	3	125	3	12,1
1781	6	79	3	16,7
1782	6	79	1	15,3
1783	1	10	2	16,4
1784	3	125	2	14,4
1785	4	139	1	16,7
1786	5	34	1	16,6
1787	1	10	3	15,2
1788	5	34	2	14,3
1789	5	34	2	14,1
1790	2	30	3	16,1
1791	1	10	3	19,5
1792	2	30	1	11,9
1793	2	30	1	11,8
1794	4	139	1	17,1
1795	5	34	3	18,4
1796	6	79	2	15,5
1797	1	10	1	17,4
1798	4	139	1	18,5
1799	5	34	1	14,0
1800	1	10	2	14,9
1801	6	79	1	15,6
1802	5	34	1	16,9
1803	6	79	2	13,0
1804	6	79	2	20,0
1805	1	10	1	18,7
1806	3	125	2	15,2
1807	2	30	2	18,5
1808	5	34	1	18,1
1809	5	34	2	13,5
1810	2	30	3	16,7
1811	3	125	3	16,9
1812	2	30	3	18,3
1813	3	125	3	12,6
1814	6	79	1	16,9
1815	1	10	3	13,1
1816	2	30	2	15,7
1817	3	125	1	14,4
1818	3	125	3	18,0
1819	5	34	3	14,2
1820	2	30	2	17,0
1821	2	30	2	17,4
1822	5	34	3	18,5
1823	6	79	1	15,8
1824	2	30	3	18,0
1825	2	30	1	17,3
1826	4	139	3	19,2
1827	6	79	1	18,4
1828	2	30	2	18,5
1829	2	30	1	12,7
1830	2	30	2	19,2
1831	6	79	3	14,3
1832	2	30	3	17,3
1833	4	139	3	17,2
1834	1	10	1	12,5
1835	2	30	1	14,3
1836	5	34	1	12,8
1837	6	79	2	18,5
1838	6	79	3	14,2
1839	2	30	1	13,0
1840	2	30	2	15,1
1841	6	79	3	14,2
1842	3	125	1	14,9
1843	5	34	2	19,2
1844	5	34	1	17,9
1845	5	34	1	13,2
1846	3	125	2	14,2
1847	5	34	2	13,1
1848	4	139	2	12,4
1849	6	79	2	18,4
1850	2	30	2	11,9
1851	2	30	3	13,0
1852	4	139	3	11,7
1853	3	125	3	12,3
1854	1	10	1	18,7
1855	1	10	1	11,5
1856	3	125	1	13,6
1857	2	30	3	18,5
1858	1	10	3	14,5
1859	2	30	2	13,4
1860	2	30	2	16,0
1861	3	125	3	14,5
1862	1	10	2	12,9
1863	6	79	2	17,5
1864	4	139	3	18,1
1865	1	10	2	14,3
1866	5	34	3	11,6
1867	6	79	1	11,7
1868	6	79	3	18,3
1869	5	34	1	14,3
1870	1	10	1	14,4
1871	2	30	3	16,8
1872	6	79	3	11,1
1873	3	125	2	18,9
1874	2	30	3	19,8
1875	4	139	2	17,2
1876	3	125	2	14,3
1877	1	10	2	17,2
1878	2	30	3	14,0
1879	4	139	3	13,5
1880	1	10	1	18,2
1881	5	34	1	18,8
1882	4	139	2	12,7
1883	2	30	3	19,4
1884	1	10	1	17,0
1885	5	34	2	11,4
1886	1	10	2	18,5
1887	6	79	1	12,1
1888	3	125	1	11,9
1889	2	30	3	12,9
1890	6	79	1	18,8
1891	2	30	1	16,0
1892	3	125	2	19,0
1893	6	79	2	14,8
1894	2	30	2	18,5
1895	6	79	2	11,2
1896	4	139	1	14,6
1897	1	10	1	14,2
1898	6	79	3	17,2
1899	4	139	3	12,5
1900	5	34	2	16,3
1901	1	10	3	14,2
1902	5	34	2	17,4
1903	4	139	2	18,7
1904	4	139	3	14,9
1905	6	79	1	16,7
1906	4	139	3	15,4
1907	2	30	2	14,6
1908	5	34	3	17,7
1909	1	10	2	12,8
1910	3	125	2	18,0
1911	3	125	2	14,4
1912	5	34	3	13,4
1913	5	34	1	17,3
1914	1	10	1	19,9
1915	5	34	1	16,7
1916	6	79	3	18,1
1917	1	10	2	18,2
1918	5	34	2	16,1
1919	6	79	3	13,3
1920	2	30	2	19,8
1921	4	139	3	16,9
1922	3	125	1	16,3
1923	6	79	1	13,0
1924	4	139	1	15,7
1925	3	125	2	17,6
1926	6	79	3	16,5
1927	6	79	1	17,5
1928	6	79	1	16,3
1929	4	139	1	18,2
1930	4	139	1	16,9
1931	5	34	1	17,8
1932	4	139	1	16,5
1933	2	30	2	16,8
1934	2	30	3	19,9
1935	4	139	1	19,7
1936	3	125	2	12,6
1937	3	125	3	12,1
1938	4	139	1	16,0
1939	1	10	3	13,5
1940	5	34	3	13,7
1941	5	34	1	13,7
1942	5	34	1	14,4
1943	5	34	1	12,1
1944	4	139	1	12,4
1945	5	34	3	12,6
1946	5	34	1	19,5
1947	2	30	3	19,4
1948	6	79	2	14,3
1949	2	30	3	15,0
1950	6	79	2	13,4
1951	5	34	1	12,2
1952	4	139	1	13,8
1953	4	139	1	12,4
1954	1	10	1	18,1
1955	1	10	3	19,7
1956	1	10	2	16,2
1957	1	10	2	19,4
1958	3	125	2	11,1
1959	2	30	3	11,7
1960	5	34	3	11,2
1961	1	10	3	18,9
1962	4	139	2	15,6
1963	3	125	2	12,5
1964	4	139	3	11,2
1965	1	10	2	18,6
1966	4	139	2	14,9
1967	1	10	3	11,2
1968	3	125	2	13,6
1969	6	79	2	14,0
1970	5	34	2	18,1
1971	2	30	1	16,9
1972	1	10	2	11,6
1973	6	79	1	16,1
1974	1	10	3	15,5
1975	2	30	3	13,2
1976	6	79	3	18,6
1977	4	139	3	11,2
1978	2	30	1	18,5
1979	3	125	2	13,3
1980	1	10	3	14,7
1981	5	34	1	15,4
1982	2	30	1	14,5
1983	6	79	2	11,8
1984	5	34	2	15,4
1985	5	34	3	19,6
1986	4	139	1	11,6
1987	4	139	2	14,3
1988	1	10	2	17,8
1989	5	34	1	14,8
1990	4	139	1	13,1
1991	2	30	3	18,0
1992	6	79	3	16,7
1993	5	34	2	18,6
1994	1	10	2	16,0
1995	5	34	1	12,4
1996	1	10	1	16,4
1997	1	10	1	14,2
1998	5	34	3	11,0
1999	4	139	1	19,0
2000	3	125	2	15,3
2001	3	125	2	14,4
2002	5	34	3	18,6
2003	2	30	1	17,7
2004	1	10	1	19,1
2005	2	30	2	13,2
2006	1	10	3	17,2
2007	4	139	2	15,5
2008	6	79	3	17,0
2009	1	10	3	16,0
2010	6	79	3	14,5
2011	1	10	3	14,9
2012	4	139	3	18,9
2013	1	10	2	18,2
2014	3	125	3	13,7
2015	4	139	3	18,3
2016	4	139	2	16,6
2017	2	30	3	16,6
2018	2	30	3	15,9
2019	2	30	2	18,4
2020	1	10	2	12,8
2021	4	139	3	14,2
2022	3	125	1	17,0
2023	3	125	3	18,6
2024	1	10	1	11,9
2025	6	79	3	13,5
2026	1	10	1	17,1
2027	2	30	3	13,3
2028	2	30	1	17,5
2029	4	139	1	16,5
2030	1	10	2	13,6
2031	6	79	1	14,9
2032	3	125	3	14,7
2033	3	125	1	19,1
2034	1	10	3	19,0
2035	5	34	3	17,5
2036	5	34	1	19,5
2037	3	125	3	14,9
2038	4	139	1	12,7
2039	2	30	2	18,0
2040	6	79	3	18,3
2041	6	79	2	18,9
2042	1	10	2	13,1
2043	2	30	2	19,4
2044	3	125	1	16,7
2045	6	79	3	14,7
2046	1	10	1	19,3
2047	4	139	2	18,1
2048	5	34	3	18,2
2049	3	125	1	13,7
2050	2	30	2	14,7
2051	1	10	3	12,1
2052	4	139	2	17,8
2053	1	10	2	18,4
2054	3	125	3	16,2
2055	5	34	1	11,6
2056	1	10	3	14,5
2057	2	30	3	19,7
2058	2	30	3	16,6
2059	6	79	1	17,2
2060	3	125	2	16,6
2061	2	30	1	18,0
2062	2	30	1	13,5
2063	1	10	2	18,2
2064	1	10	2	12,7
2065	4	139	2	12,0
2066	1	10	2	16,4
2067	1	10	1	14,2
2068	2	30	3	12,4
2069	3	125	3	11,8
2070	1	10	2	16,3
2071	6	79	3	15,7
2072	1	10	1	13,8
2073	5	34	2	13,2
2074	4	139	1	19,6
2075	3	125	1	15,9
2076	5	34	3	11,6
2077	4	139	3	13,3
2078	3	125	1	12,5
2079	2	30	1	16,1
2080	5	34	2	13,1
2081	1	10	1	16,5
2082	5	34	3	17,0
2083	5	34	1	13,1
2084	4	139	1	16,3
2085	1	10	3	11,1
2086	1	10	2	13,2
2087	4	139	1	19,0
2088	1	10	2	12,7
2089	4	139	3	13,0
2090	2	30	1	11,3
2091	2	30	1	17,1
2092	1	10	1	11,3
2093	4	139	3	13,6
2094	3	125	2	17,2
2095	2	30	1	15,2
2096	4	139	2	16,4
2097	3	125	1	14,4
2098	2	30	2	19,7
2099	4	139	2	14,9
2100	3	125	2	11,7
2101	5	34	1	12,5
2102	1	10	1	14,2
2103	2	30	3	11,3
2104	6	79	2	14,9
2105	3	125	3	13,8
2106	6	79	2	17,8
2107	1	10	2	16,5
2108	6	79	3	16,6
2109	2	30	1	17,0
2110	4	139	3	19,7
2111	4	139	3	20,0
2112	1	10	2	16,6
2113	5	34	2	16,3
2114	2	30	3	11,5
2115	2	30	1	15,5
2116	2	30	2	13,2
2117	2	30	1	11,1
2118	4	139	1	17,0
2119	3	125	2	14,1
2120	5	34	1	19,0
2121	6	79	1	11,4
2122	1	10	3	13,7
2123	6	79	1	16,1
2124	6	79	1	15,6
2125	5	34	2	19,1
2126	6	79	1	15,6
2127	6	79	3	11,1
2128	6	79	1	12,1
2129	3	125	2	12,0
2130	4	139	2	12,6
2131	2	30	2	11,3
2132	1	10	1	19,7
2133	5	34	3	13,9
2134	2	30	3	17,2
2135	4	139	2	11,6
2136	6	79	3	18,0
2137	3	125	1	14,7
2138	1	10	1	14,0
2139	5	34	2	12,7
2140	4	139	3	15,7
2141	4	139	2	16,1
2142	3	125	2	12,7
2143	1	10	2	18,9
2144	6	79	1	18,1
2145	2	30	1	18,1
2146	6	79	2	15,1
2147	6	79	1	16,4
2148	1	10	3	13,2
2149	4	139	3	16,7
2150	1	10	2	16,9
2151	3	125	3	13,9
2152	5	34	2	19,3
2153	4	139	2	11,2
2154	5	34	3	14,9
2155	6	79	2	17,3
2156	5	34	2	14,7
2157	1	10	1	17,8
2158	2	30	2	11,9
2159	1	10	3	13,5
2160	3	125	2	12,8
2161	5	34	2	19,0
2162	6	79	3	17,3
2163	3	125	2	18,9
2164	2	30	2	12,5
2165	2	30	2	19,5
2166	4	139	2	16,5
2167	5	34	3	18,7
2168	6	79	2	19,4
2169	6	79	1	13,7
2170	3	125	1	16,3
2171	2	30	1	15,7
2172	1	10	3	13,1
2173	1	10	3	12,6
2174	6	79	3	18,8
2175	1	10	1	13,6
2176	6	79	1	18,5
2177	6	79	2	17,4
2178	4	139	1	18,2
2179	6	79	3	17,7
2180	4	139	3	19,8
2181	6	79	3	19,1
2182	5	34	2	11,6
2183	6	79	3	18,9
2184	4	139	2	17,2
2185	1	10	2	19,4
2186	2	30	3	13,1
2187	3	125	1	16,5
2188	5	34	1	19,8
2189	2	30	2	19,5
2190	6	79	1	11,2
2191	4	139	3	12,8
2192	1	10	1	15,9
2193	1	10	1	19,4
2194	4	139	3	12,2
2195	2	30	1	18,5
2196	2	30	3	17,6
2197	6	79	3	11,6
2198	4	139	3	13,2
2199	4	139	2	19,0
2200	6	79	3	13,8
2201	3	125	3	18,2
2202	5	34	1	14,1
2203	6	79	1	14,5
2204	1	10	3	15,3
2205	2	30	3	13,0
2206	3	125	3	17,9
2207	4	139	3	14,2
2208	3	125	2	14,4
2209	1	10	3	18,6
2210	2	30	3	17,7
2211	1	10	2	16,5
2212	2	30	1	17,1
2213	2	30	1	14,3
2214	1	10	3	14,4
2215	4	139	1	12,9
2216	3	125	2	19,6
2217	1	10	3	13,3
2218	5	34	3	16,1
2219	6	79	1	14,1
2220	6	79	1	16,8
2221	4	139	2	17,6
2222	3	125	3	12,3
2223	1	10	2	18,3
2224	1	10	2	11,5
2225	5	34	3	12,1
2226	5	34	3	16,4
2227	1	10	1	18,2
2228	5	34	3	18,6
2229	6	79	3	15,7
2230	3	125	2	13,7
2231	1	10	1	14,3
2232	2	30	3	15,1
2233	3	125	1	18,4
2234	5	34	2	11,4
2235	5	34	1	12,5
2236	3	125	3	14,7
2237	3	125	2	18,4
2238	4	139	1	14,6
2239	1	10	2	17,5
2240	5	34	1	19,1
2241	6	79	3	18,9
2242	1	10	1	13,3
2243	3	125	3	18,8
2244	5	34	1	18,3
2245	4	139	2	17,9
2246	3	125	3	15,9
2247	2	30	1	11,4
2248	3	125	1	11,0
2249	3	125	3	13,4
2250	5	34	1	19,7
2251	2	30	2	19,6
2252	4	139	1	16,7
2253	5	34	1	15,0
2254	1	10	3	14,0
2255	1	10	3	18,8
2256	5	34	1	13,0
2257	4	139	2	16,1
2258	5	34	1	14,2
2259	6	79	1	18,0
2260	1	10	1	12,3
2261	3	125	2	14,9
2262	1	10	3	11,6
2263	1	10	3	11,7
2264	5	34	1	18,9
2265	4	139	3	13,6
2266	4	139	1	16,8
2267	3	125	2	15,6
2268	4	139	3	19,7
2269	6	79	2	13,1
2270	1	10	1	14,1
2271	6	79	1	15,3
2272	5	34	3	15,8
2273	1	10	2	18,3
2274	2	30	2	16,9
2275	6	79	2	11,8
2276	4	139	1	15,9
2277	1	10	2	11,6
2278	3	125	3	16,1
2279	4	139	2	19,4
2280	5	34	2	19,8
2281	4	139	2	19,3
2282	6	79	3	13,7
2283	1	10	3	13,8
2284	6	79	3	12,5
2285	4	139	1	16,8
2286	1	10	2	17,7
2287	5	34	2	15,1
2288	5	34	1	17,1
2289	3	125	3	15,7
2290	3	125	2	17,3
2291	4	139	3	19,5
2292	1	10	3	14,0
2293	5	34	3	11,9
2294	3	125	2	16,9
2295	6	79	2	16,7
2296	4	139	3	19,6
2297	1	10	1	14,6
2298	3	125	1	16,4
2299	5	34	2	18,0
2300	5	34	2	15,7
2301	4	139	1	13,6
2302	5	34	3	16,5
2303	6	79	1	16,5
2304	3	125	3	13,7
2305	1	10	3	18,8
2306	5	34	3	11,3
2307	4	139	3	11,2
2308	4	139	1	15,9
2309	3	125	1	15,6
2310	2	30	1	19,7
2311	3	125	3	15,6
2312	3	125	2	13,0
2313	6	79	3	13,7
2314	3	125	3	19,6
2315	5	34	3	17,9
2316	4	139	2	16,9
2317	5	34	3	16,6
2318	5	34	3	19,4
2319	4	139	1	12,3
2320	2	30	2	13,1
2321	2	30	2	14,1
2322	4	139	2	15,6
2323	6	79	3	14,8
2324	2	30	2	17,8
2325	3	125	2	14,6
2326	1	10	3	14,7
2327	6	79	3	15,9
2328	6	79	3	16,4
2329	1	10	1	11,4
2330	5	34	3	15,7
2331	5	34	3	14,2
2332	5	34	3	19,1
2333	4	139	2	18,2
2334	5	34	2	15,7
2335	1	10	2	19,4
2336	3	125	3	15,3
2337	3	125	3	13,1
2338	6	79	1	14,5
2339	3	125	2	11,3
2340	5	34	3	18,1
2341	1	10	3	16,0
2342	5	34	3	14,5
2343	6	79	3	14,6
2344	2	30	3	12,3
2345	6	79	1	13,5
2346	6	79	3	17,5
2347	4	139	1	12,1
2348	3	125	1	15,8
2349	6	79	1	19,4
2350	4	139	1	14,8
2351	4	139	1	12,8
2352	6	79	2	11,1
2353	3	125	1	11,3
2354	2	30	3	12,0
2355	5	34	3	18,9
2356	5	34	3	15,3
2357	1	10	1	18,8
2358	3	125	1	17,3
2359	1	10	1	11,6
2360	4	139	1	14,2
2361	5	34	2	13,7
2362	4	139	3	17,6
2363	3	125	3	12,9
2364	4	139	3	14,6
2365	3	125	3	17,2
2366	1	10	1	11,3
2367	6	79	3	11,7
2368	5	34	1	12,3
2369	2	30	2	18,9
2370	6	79	3	11,4
2371	2	30	2	12,1
2372	4	139	2	16,9
2373	1	10	1	15,0
2374	2	30	2	11,1
2375	3	125	2	18,7
2376	3	125	3	19,5
2377	6	79	2	15,4
2378	1	10	2	13,9
2379	2	30	3	16,6
2380	4	139	1	14,7
2381	2	30	1	13,7
2382	4	139	3	18,1
2383	2	30	2	16,6
2384	4	139	2	17,1
2385	2	30	3	17,3
2386	3	125	1	19,5
2387	2	30	2	14,4
2388	6	79	3	15,7
2389	6	79	3	19,0
2390	1	10	3	11,9
2391	6	79	1	19,8
2392	4	139	3	15,3
2393	5	34	1	12,5
2394	6	79	1	11,4
2395	5	34	2	16,5
2396	2	30	1	12,2
2397	6	79	2	17,0
2398	1	10	1	11,8
2399	6	79	1	13,0
2400	1	10	2	19,6
2401	5	34	2	11,5
2402	4	139	3	11,6
2403	1	10	3	17,1
2404	6	79	2	18,9
2405	2	30	3	11,5
2406	4	139	3	16,2
2407	1	10	3	13,8
2408	1	10	1	15,1
2409	4	139	1	14,1
2410	6	79	3	19,1
2411	2	30	3	13,3
2412	5	34	3	12,7
2413	3	125	2	16,8
2414	4	139	2	16,3
2415	3	125	2	11,1
2416	3	125	3	16,2
2417	1	10	3	17,2
2418	3	125	2	16,1
2419	2	30	3	18,0
2420	2	30	2	11,7
2421	2	30	3	17,6
2422	6	79	3	17,8
2423	4	139	1	17,0
2424	3	125	1	15,1
2425	6	79	2	13,8
2426	6	79	1	11,6
2427	6	79	2	13,7
2428	5	34	1	18,6
2429	2	30	3	17,6
2430	1	10	2	19,3
2431	2	30	1	16,9
2432	3	125	3	17,0
2433	2	30	3	12,8
2434	4	139	3	15,8
2435	3	125	3	16,7
2436	2	30	2	12,2
2437	6	79	2	12,4
2438	3	125	3	13,7
2439	4	139	2	14,9
2440	3	125	2	19,5
2441	2	30	3	15,6
2442	2	30	3	17,7
2443	3	125	2	16,8
2444	6	79	3	11,2
2445	2	30	2	12,0
2446	5	34	3	18,4
2447	4	139	1	11,3
2448	5	34	1	12,3
2449	1	10	2	16,2
2450	5	34	2	11,7
2451	4	139	3	14,0
2452	1	10	3	17,6
2453	4	139	1	12,0
2454	1	10	1	13,2
2455	1	10	2	15,2
2456	6	79	1	20,0
2457	4	139	2	17,0
2458	4	139	3	14,4
2459	6	79	1	14,6
2460	5	34	3	19,5
2461	2	30	2	17,1
2462	3	125	3	13,9
2463	3	125	3	17,2
2464	1	10	2	14,1
2465	5	34	1	12,0
2466	2	30	1	11,3
2467	5	34	2	16,7
2468	5	34	2	18,2
2469	1	10	2	11,6
2470	1	10	3	16,6
2471	2	30	1	14,4
2472	2	30	3	15,9
2473	4	139	3	16,3
2474	1	10	2	15,4
2475	1	10	1	11,7
2476	5	34	2	18,4
2477	3	125	3	15,2
2478	3	125	3	13,1
2479	3	125	1	14,9
2480	4	139	2	13,3
2481	2	30	3	19,2
2482	4	139	2	13,9
2483	1	10	1	15,5
2484	1	10	1	13,4
2485	6	79	3	15,2
2486	3	125	1	13,2
2487	3	125	3	16,3
2488	1	10	2	12,1
2489	1	10	3	19,1
2490	2	30	1	19,4
2491	3	125	2	14,2
2492	2	30	1	16,2
2493	1	10	2	11,6
2494	3	125	2	18,9
2495	3	125	3	11,8
2496	4	139	3	19,6
2497	6	79	3	11,1
2498	6	79	3	19,0
2499	2	30	2	14,9
2500	5	34	1	17,3
2501	1	10	3	13,8
2502	4	139	3	14,8
2503	3	125	3	13,2
2504	6	79	2	13,9
2505	4	139	1	12,0
2506	2	30	2	18,9
2507	2	30	1	12,1
2508	2	30	2	15,8
2509	5	34	1	13,3
2510	1	10	3	18,1
2511	5	34	1	11,8
2512	1	10	3	17,9
2513	4	139	3	12,9
2514	6	79	3	12,1
2515	4	139	2	19,0
2516	4	139	2	17,5
2517	5	34	1	18,7
2518	1	10	3	19,1
2519	5	34	3	14,2
2520	1	10	1	19,6
2521	4	139	3	14,7
2522	4	139	1	19,4
2523	3	125	3	13,6
2524	2	30	3	19,5
2525	1	10	2	13,3
2526	2	30	2	14,6
2527	1	10	3	15,0
2528	2	30	2	18,7
2529	2	30	1	17,6
2530	5	34	2	15,7
2531	1	10	2	16,1
2532	3	125	3	13,5
2533	6	79	2	12,3
2534	3	125	3	13,1
2535	4	139	2	19,2
2536	6	79	3	12,3
2537	1	10	1	19,5
2538	1	10	3	18,3
2539	6	79	3	18,8
2540	4	139	1	19,5
2541	6	79	1	18,4
2542	1	10	3	15,7
2543	6	79	3	17,9
2544	6	79	3	18,1
2545	2	30	1	17,6
2546	5	34	1	14,6
2547	2	30	2	15,5
2548	5	34	2	18,1
2549	5	34	2	12,4
2550	5	34	3	19,6
2551	5	34	2	17,4
2552	2	30	2	18,2
2553	5	34	1	12,8
2554	5	34	3	16,0
2555	4	139	3	13,8
2556	5	34	3	11,3
2557	1	10	1	13,7
2558	5	34	1	19,6
2559	2	30	2	15,6
2560	2	30	3	19,8
2561	4	139	2	15,1
2562	3	125	2	16,1
2563	3	125	3	13,2
2564	3	125	1	16,2
2565	2	30	3	15,4
2566	2	30	2	15,9
2567	2	30	3	19,4
2568	4	139	2	12,2
2569	1	10	2	13,2
2570	3	125	1	14,0
2571	6	79	3	16,9
2572	6	79	2	14,9
2573	4	139	2	11,1
2574	3	125	2	11,6
2575	1	10	1	17,8
2576	5	34	3	14,1
2577	5	34	1	19,6
2578	1	10	3	18,0
2579	5	34	2	14,7
2580	3	125	1	12,7
2581	2	30	3	16,7
2582	1	10	2	12,8
2583	3	125	2	18,2
2584	6	79	2	12,0
2585	6	79	1	17,9
2586	5	34	2	16,2
2587	2	30	1	19,0
2588	4	139	3	15,5
2589	1	10	1	13,4
2590	6	79	2	17,4
2591	1	10	2	17,9
2592	4	139	3	17,3
2593	5	34	2	11,7
2594	1	10	2	14,5
2595	6	79	3	16,3
2596	2	30	2	14,3
2597	6	79	1	17,5
2598	3	125	1	12,5
2599	2	30	3	17,9
2600	6	79	2	11,7
2601	2	30	1	11,4
2602	1	10	3	11,9
2603	4	139	3	18,5
2604	6	79	3	14,3
2605	3	125	1	12,1
2606	1	10	3	12,0
2607	4	139	1	18,4
2608	1	10	3	16,0
2609	1	10	1	16,2
2610	1	10	1	16,5
2611	1	10	3	19,6
2612	5	34	2	12,9
2613	5	34	3	14,5
2614	3	125	3	16,1
2615	1	10	2	14,5
2616	1	10	3	14,3
2617	1	10	3	11,9
2618	1	10	1	13,5
2619	4	139	1	19,6
2620	3	125	1	13,6
2621	1	10	1	12,5
2622	6	79	1	17,8
2623	6	79	1	18,4
2624	3	125	2	16,6
2625	5	34	3	16,1
2626	6	79	3	13,2
2627	6	79	3	15,9
2628	2	30	1	13,7
2629	4	139	3	13,7
2630	2	30	2	16,8
2631	3	125	3	19,5
2632	5	34	2	18,4
2633	4	139	1	19,1
2634	6	79	3	19,3
2635	4	139	1	17,1
2636	2	30	3	17,2
2637	3	125	1	18,6
2638	5	34	1	17,3
2639	3	125	1	15,7
2640	6	79	2	15,4
2641	4	139	3	17,4
2642	1	10	2	16,1
2643	3	125	1	19,8
2644	2	30	1	13,5
2645	6	79	2	17,8
2646	2	30	3	11,6
2647	2	30	2	13,5
2648	6	79	3	12,0
2649	4	139	3	16,4
2650	3	125	3	14,0
2651	1	10	2	14,3
2652	5	34	1	14,0
2653	4	139	2	12,8
2654	3	125	2	15,9
2655	1	10	1	19,5
2656	3	125	2	13,9
2657	1	10	1	17,4
2658	4	139	2	18,7
2659	3	125	2	15,8
2660	1	10	1	12,0
2661	2	30	3	15,5
2662	5	34	1	17,7
2663	5	34	1	19,7
2664	3	125	2	17,6
2665	6	79	3	13,8
2666	4	139	2	16,8
2667	2	30	2	17,0
2668	1	10	2	17,2
2669	3	125	3	15,5
2670	3	125	2	15,2
2671	2	30	3	11,4
2672	4	139	1	12,5
2673	4	139	1	11,6
2674	1	10	1	12,1
2675	4	139	3	11,4
2676	4	139	3	14,7
2677	3	125	2	11,1
2678	3	125	1	17,8
2679	1	10	2	11,8
2680	4	139	3	13,7
2681	4	139	3	11,6
2682	6	79	1	16,6
2683	1	10	2	15,5
2684	2	30	2	12,8
2685	3	125	2	11,0
2686	6	79	3	15,0
2687	3	125	2	17,0
2688	3	125	3	18,2
2689	4	139	3	15,4
2690	1	10	3	17,3
2691	3	125	1	16,5
2692	5	34	2	15,2
2693	2	30	3	19,6
2694	3	125	3	20,0
2695	3	125	3	16,0
2696	6	79	1	15,4
2697	6	79	2	19,1
2698	3	125	1	16,7
2699	5	34	3	17,1
2700	3	125	1	15,3
2701	5	34	3	17,9
2702	3	125	2	15,3
2703	4	139	3	16,4
2704	3	125	3	11,7
2705	5	34	3	19,2
2706	4	139	3	15,7
2707	5	34	1	13,0
2708	6	79	2	15,0
2709	2	30	1	13,6
2710	2	30	1	18,3
2711	4	139	3	14,6
2712	5	34	3	19,3
2713	5	34	1	14,7
2714	1	10	3	14,5
2715	4	139	1	15,6
2716	1	10	2	12,8
2717	6	79	2	13,1
2718	5	34	2	15,2
2719	4	139	2	13,5
2720	3	125	3	18,1
2721	4	139	3	13,5
2722	6	79	3	14,5
2723	4	139	2	11,1
2724	3	125	3	15,2
2725	4	139	2	18,7
2726	6	79	2	13,7
2727	2	30	2	13,3
2728	3	125	2	14,1
2729	1	10	2	14,0
2730	3	125	3	15,1
2731	1	10	2	11,1
2732	1	10	1	17,0
2733	6	79	3	19,5
2734	5	34	3	16,8
2735	5	34	3	18,4
2736	6	79	3	17,2
2737	6	79	2	19,1
2738	5	34	2	11,1
2739	1	10	3	18,3
2740	4	139	1	18,1
2741	3	125	2	18,5
2742	5	34	1	12,4
2743	4	139	3	17,4
2744	4	139	2	14,3
2745	1	10	2	15,7
2746	3	125	2	17,4
2747	1	10	2	15,7
2748	4	139	2	17,1
2749	6	79	2	12,7
2750	1	10	1	11,6
2751	3	125	3	12,5
2752	3	125	3	16,0
2753	6	79	1	13,9
2754	2	30	2	13,0
2755	3	125	1	19,9
2756	1	10	3	15,0
2757	6	79	3	14,6
2758	5	34	2	12,5
2759	1	10	1	18,2
2760	3	125	3	13,7
2761	5	34	1	12,3
2762	6	79	1	14,3
2763	2	30	3	19,3
2764	3	125	3	13,8
2765	5	34	2	12,8
2766	6	79	1	13,2
2767	2	30	1	13,5
2768	5	34	2	15,8
2769	3	125	3	15,8
2770	4	139	2	11,1
2771	2	30	3	16,4
2772	5	34	1	18,2
2773	5	34	3	19,5
2774	3	125	2	16,8
2775	2	30	1	19,5
2776	3	125	3	12,6
2777	4	139	1	12,9
2778	1	10	3	14,3
2779	5	34	2	11,5
2780	2	30	3	11,5
2781	5	34	1	19,1
2782	4	139	2	13,6
2783	4	139	3	14,9
2784	1	10	1	16,4
2785	5	34	3	12,0
2786	6	79	1	14,0
2787	1	10	3	16,2
2788	5	34	2	15,3
2789	5	34	2	11,2
2790	2	30	3	15,4
2791	4	139	2	17,3
2792	1	10	3	12,3
2793	1	10	2	19,5
2794	4	139	1	19,9
2795	5	34	2	15,1
2796	2	30	2	18,5
2797	5	34	3	14,8
2798	5	34	3	19,3
2799	6	79	1	16,3
2800	5	34	1	19,5
2801	4	139	1	16,0
2802	5	34	3	15,6
2803	3	125	3	20,0
2804	4	139	1	16,0
2805	4	139	1	16,0
2806	4	139	2	16,1
2807	2	30	1	19,3
2808	3	125	2	19,0
2809	2	30	3	13,1
2810	1	10	3	17,6
2811	6	79	1	19,9
2812	6	79	3	11,9
2813	1	10	2	16,7
2814	6	79	2	19,5
2815	3	125	3	12,3
2816	6	79	2	18,4
2817	2	30	2	15,9
2818	4	139	1	16,3
2819	5	34	3	14,5
2820	1	10	2	16,6
2821	5	34	3	11,2
2822	3	125	2	14,6
2823	2	30	3	18,0
2824	4	139	3	11,4
2825	4	139	1	11,7
2826	6	79	2	16,2
2827	1	10	3	18,3
2828	4	139	1	17,1
2829	3	125	3	19,3
2830	1	10	3	12,8
2831	5	34	3	19,8
2832	1	10	3	11,7
2833	2	30	1	11,6
2834	2	30	3	18,9
2835	5	34	1	14,9
2836	6	79	2	12,4
2837	2	30	2	16,7
2838	5	34	1	16,0
2839	5	34	2	19,2
2840	1	10	3	19,7
2841	4	139	3	14,9
2842	3	125	1	11,8
2843	3	125	2	19,5
2844	6	79	3	14,5
2845	2	30	1	14,5
2846	3	125	1	16,9
2847	2	30	3	17,8
2848	4	139	2	16,5
2849	3	125	1	12,0
2850	3	125	1	17,2
2851	2	30	1	19,5
2852	6	79	3	19,0
2853	2	30	1	18,9
2854	6	79	3	11,8
2855	5	34	1	13,7
2856	1	10	1	15,2
2857	1	10	3	14,4
2858	5	34	1	17,6
2859	2	30	3	15,6
2860	1	10	2	12,2
2861	4	139	2	14,1
2862	4	139	2	14,3
2863	5	34	1	11,9
2864	2	30	3	16,0
2865	1	10	2	11,2
2866	1	10	2	13,2
2867	1	10	3	11,1
2868	1	10	2	18,3
2869	2	30	2	14,3
2870	1	10	3	17,1
2871	3	125	1	13,7
2872	5	34	1	18,6
2873	6	79	2	15,9
2874	5	34	1	13,6
2875	1	10	1	14,9
2876	4	139	3	15,6
2877	2	30	2	19,9
2878	5	34	2	13,8
2879	6	79	1	14,4
2880	6	79	2	11,5
2881	4	139	1	17,8
2882	6	79	3	19,6
2883	5	34	3	14,3
2884	4	139	2	13,5
2885	1	10	1	17,2
2886	1	10	2	13,7
2887	4	139	3	17,4
2888	5	34	1	13,2
2889	6	79	2	17,6
2890	3	125	2	12,6
2891	2	30	3	14,8
2892	5	34	1	16,2
2893	4	139	3	13,5
2894	5	34	1	14,8
2895	6	79	1	19,9
2896	1	10	2	12,0
2897	3	125	3	11,2
2898	5	34	2	11,3
2899	6	79	3	16,4
2900	4	139	1	12,9
2901	2	30	1	11,9
2902	5	34	3	16,3
2903	3	125	1	15,8
2904	6	79	3	12,5
2905	4	139	3	18,4
2906	6	79	2	16,6
2907	6	79	3	18,9
2908	1	10	2	11,2
2909	1	10	3	16,7
2910	1	10	3	17,7
2911	4	139	1	12,6
2912	1	10	3	14,3
2913	4	139	3	11,9
2914	3	125	1	11,4
2915	2	30	2	17,0
2916	2	30	2	18,2
2917	4	139	2	19,2
2918	4	139	3	12,8
2919	6	79	3	11,9
2920	5	34	1	19,3
2921	1	10	3	13,5
2922	4	139	2	13,3
2923	2	30	2	17,6
2924	1	10	3	11,9
2925	3	125	2	11,6
2926	5	34	1	17,7
2927	1	10	3	14,0
2928	4	139	3	15,4
2929	3	125	1	19,4
2930	2	30	3	13,7
2931	5	34	1	17,5
2932	4	139	2	15,1
2933	2	30	3	16,1
2934	4	139	3	14,9
2935	1	10	2	13,2
2936	1	10	1	12,3
2937	6	79	2	17,3
2938	3	125	3	12,5
2939	3	125	3	19,2
2940	5	34	3	17,7
2941	2	30	2	12,1
2942	3	125	3	13,3
2943	6	79	1	14,5
2944	2	30	1	11,0
2945	6	79	3	19,9
2946	2	30	3	19,9
2947	5	34	3	12,0
2948	4	139	2	18,9
2949	2	30	1	14,1
2950	3	125	2	19,2
2951	2	30	1	18,9
2952	5	34	3	16,5
2953	2	30	3	16,2
2954	6	79	1	19,1
2955	3	125	1	14,1
2956	2	30	1	12,6
2957	5	34	3	19,5
2958	6	79	2	11,6
2959	2	30	2	13,5
2960	6	79	2	19,8
2961	1	10	3	12,1
2962	4	139	3	12,8
2963	2	30	1	19,7
2964	4	139	3	19,7
2965	6	79	2	11,9
2966	3	125	1	15,3
2967	2	30	3	19,4
2968	4	139	3	15,5
2969	6	79	3	13,6
2970	5	34	2	12,5
2971	1	10	2	13,4
2972	3	125	2	19,6
2973	4	139	2	11,9
2974	5	34	1	19,8
2975	1	10	1	11,3
2976	5	34	1	12,3
2977	1	10	3	19,1
2978	2	30	2	15,1
2979	3	125	3	19,2
2980	2	30	3	18,8
2981	6	79	2	13,7
2982	6	79	2	13,2
2983	4	139	3	17,9
2984	2	30	2	18,8
2985	2	30	3	13,0
2986	6	79	1	13,9
2987	4	139	2	14,4
2988	4	139	1	13,8
2989	6	79	1	11,4
2990	5	34	2	18,9
2991	4	139	3	11,4
2992	2	30	3	17,4
2993	5	34	1	15,2
2994	3	125	3	15,7
2995	5	34	1	16,3
2996	5	34	2	12,5
2997	1	10	2	17,8
2998	1	10	1	12,3
2999	6	79	2	18,2
3000	5	34	1	12,9
3001	3	125	3	15,3
3002	1	10	3	14,0
3003	4	139	1	14,6
3004	2	30	1	15,8
3005	6	79	1	15,4
3006	4	139	1	12,7
3007	5	34	1	11,4
3008	3	125	3	11,9
3009	3	125	2	12,3
3010	1	10	2	16,9
3011	1	10	3	12,6
3012	1	10	3	19,6
3013	3	125	1	14,6
3014	6	79	1	12,9
3015	6	79	2	15,5
3016	1	10	2	19,0
3017	4	139	2	15,4
3018	2	30	3	16,8
3019	3	125	1	16,2
3020	3	125	2	13,8
3021	5	34	2	14,2
3022	6	79	3	11,3
3023	5	34	2	11,3
3024	3	125	3	13,7
3025	2	30	2	18,0
3026	1	10	1	19,3
3027	5	34	3	16,7
3028	4	139	2	15,1
3029	2	30	1	12,6
3030	6	79	1	11,1
3031	2	30	2	16,8
3032	2	30	3	12,1
3033	4	139	2	13,2
3034	4	139	1	14,0
3035	5	34	3	12,2
3036	3	125	1	18,8
3037	6	79	2	19,8
3038	2	30	2	14,9
3039	1	10	2	16,7
3040	5	34	1	16,9
3041	3	125	2	13,2
3042	6	79	2	19,6
3043	2	30	2	18,0
3044	6	79	3	14,7
3045	1	10	1	14,1
3046	3	125	1	19,6
3047	1	10	2	18,6
3048	4	139	3	17,2
3049	4	139	1	17,3
3050	3	125	1	11,3
3051	6	79	3	12,3
3052	1	10	3	13,0
3053	4	139	1	15,4
3054	2	30	3	19,1
3055	3	125	2	14,6
3056	5	34	2	15,0
3057	5	34	3	17,2
3058	4	139	3	17,1
3059	5	34	3	17,0
3060	6	79	2	15,5
3061	6	79	2	14,9
3062	3	125	1	18,8
3063	2	30	3	15,1
3064	1	10	3	19,8
3065	5	34	1	19,3
3066	6	79	3	15,0
3067	4	139	3	18,4
3068	4	139	2	12,4
3069	6	79	3	14,0
3070	2	30	2	11,3
3071	1	10	1	14,3
3072	2	30	3	12,6
3073	5	34	2	13,4
3074	3	125	3	15,2
3075	6	79	2	18,3
3076	1	10	1	13,2
3077	1	10	2	11,8
3078	3	125	3	17,4
3079	5	34	1	12,6
3080	6	79	3	15,7
3081	1	10	3	19,1
3082	5	34	3	13,5
3083	5	34	3	11,8
3084	2	30	2	16,5
3085	2	30	1	17,6
3086	6	79	3	19,4
3087	6	79	2	13,2
3088	4	139	3	16,7
3089	1	10	3	19,2
3090	2	30	1	14,8
3091	3	125	3	16,2
3092	4	139	2	19,2
3093	3	125	3	19,8
3094	4	139	3	15,1
3095	5	34	2	14,4
3096	5	34	1	14,0
3097	6	79	1	12,9
3098	4	139	2	18,3
3099	1	10	2	13,6
3100	1	10	3	14,1
3101	2	30	1	18,7
3102	3	125	3	11,9
3103	6	79	1	16,9
3104	4	139	1	14,2
3105	4	139	2	15,3
3106	6	79	2	11,9
3107	1	10	2	18,2
3108	3	125	2	19,7
3109	2	30	3	13,3
3110	1	10	1	17,8
3111	6	79	3	17,2
3112	4	139	1	17,7
3113	4	139	3	19,2
3114	6	79	3	15,4
3115	1	10	2	17,0
3116	1	10	2	18,5
3117	3	125	1	16,6
3118	5	34	1	11,0
3119	5	34	2	18,4
3120	3	125	1	13,2
3121	3	125	1	17,9
3122	5	34	1	16,6
3123	2	30	2	14,9
3124	2	30	1	18,2
3125	2	30	2	11,9
3126	6	79	3	13,6
3127	4	139	2	18,3
3128	3	125	1	12,4
3129	4	139	2	14,7
3130	6	79	3	14,4
3131	2	30	3	13,6
3132	6	79	1	14,5
3133	2	30	3	13,7
3134	5	34	3	14,2
3135	3	125	2	15,9
3136	1	10	1	18,9
3137	5	34	3	18,8
3138	1	10	3	12,7
3139	4	139	1	14,2
3140	2	30	2	18,7
3141	2	30	2	19,2
3142	5	34	2	15,3
3143	5	34	2	16,3
3144	5	34	3	14,4
3145	5	34	1	18,0
3146	1	10	2	18,4
3147	6	79	1	19,3
3148	2	30	2	15,9
3149	5	34	1	14,4
3150	2	30	3	18,9
3151	3	125	1	14,3
3152	5	34	2	19,4
3153	5	34	3	18,5
3154	1	10	2	11,6
3155	1	10	1	16,4
3156	3	125	2	13,9
3157	3	125	3	15,3
3158	5	34	1	17,5
3159	5	34	1	13,6
3160	4	139	3	14,2
3161	4	139	3	17,0
3162	5	34	2	11,5
3163	4	139	2	11,1
3164	6	79	1	16,9
3165	4	139	1	18,8
3166	5	34	2	14,6
3167	1	10	2	14,3
3168	4	139	2	19,5
3169	4	139	1	17,9
3170	4	139	2	11,3
3171	1	10	2	16,3
3172	6	79	3	16,0
3173	5	34	3	13,4
3174	3	125	3	15,7
3175	6	79	3	15,2
3176	1	10	1	11,5
3177	6	79	1	11,5
3178	1	10	2	14,1
3179	2	30	3	12,2
3180	4	139	3	18,1
3181	2	30	3	11,3
3182	6	79	3	18,4
3183	5	34	3	17,4
3184	1	10	3	15,4
3185	1	10	3	18,8
3186	6	79	3	14,5
3187	5	34	3	16,1
3188	2	30	1	16,5
3189	5	34	3	14,9
3190	6	79	2	16,8
3191	3	125	2	11,4
3192	4	139	3	13,5
3193	5	34	2	19,1
3194	4	139	1	17,5
3195	1	10	2	11,9
3196	6	79	2	18,2
3197	6	79	1	18,0
3198	1	10	2	18,3
3199	5	34	3	12,4
3200	4	139	1	19,9
3201	6	79	1	14,6
3202	1	10	1	18,5
3203	3	125	1	18,6
3204	5	34	2	18,3
3205	5	34	2	11,4
3206	6	79	2	18,0
3207	2	30	3	19,8
3208	3	125	1	17,0
3209	1	10	1	14,2
3210	4	139	2	14,5
3211	5	34	2	18,9
3212	1	10	3	15,6
3213	6	79	3	17,8
3214	1	10	2	11,1
3215	5	34	2	18,5
3216	5	34	3	12,7
3217	3	125	2	19,7
3218	5	34	2	15,8
3219	6	79	1	11,3
3220	1	10	2	11,7
3221	3	125	3	12,5
3222	5	34	1	14,0
3223	1	10	2	18,7
3224	2	30	1	13,9
3225	2	30	1	14,3
3226	6	79	2	18,2
3227	3	125	3	16,5
3228	5	34	3	17,8
3229	1	10	3	16,1
3230	5	34	2	17,3
3231	6	79	3	11,1
3232	2	30	2	14,5
3233	4	139	1	15,7